2.027835165964752338e-32,2.154600286772745146e-36,3.923466920241480693e-07,9.999996423721313477e-01
3.340873596497977222e-33,1.275547987233949243e-07,9.999998807907104492e-01,1.019916292207983111e-25
0.000000000000000000e+00,7.206060540550385670e-37,1.000000000000000000e+00,0.000000000000000000e+00
1.856604820664380855e-34,2.302648300308040683e-24,1.758264533284253830e-15,1.000000000000000000e+00
1.502177593559423162e-26,1.000000000000000000e+00,1.688540804472779284e-15,2.127018724256156854e-25
5.970567826807382517e-07,8.656849153410361095e-31,6.986068841421740099e-18,9.999994039535522461e-01
8.859819044492172214e-18,4.241309790897242193e-14,2.168544142477912828e-06,9.999978542327880859e-01
1.570724006048039578e-14,1.420946148565829333e-36,2.422582373602864602e-23,1.000000000000000000e+00
7.737700897960707118e-17,2.729430875413985230e-25,2.931455674115568399e-05,9.999706745147705078e-01
2.294570322192157619e-06,7.487767359370679330e-32,9.999965429306030273e-01,1.239939138031331822e-06
2.783829660324696902e-28,4.080131421168618647e-35,5.568377403619706456e-08,1.000000000000000000e+00
0.000000000000000000e+00,1.103563746461533324e-12,1.279287210615713193e-31,1.000000000000000000e+00
6.970823075551775246e-17,2.283583489770535380e-05,0.000000000000000000e+00,9.999771118164062500e-01
9.344334298030820303e-18,0.000000000000000000e+00,1.000000000000000000e+00,7.836619738228072652e-37
1.243840586084843380e-08,7.057229038850084432e-17,3.525080904364585876e-02,9.647491574287414551e-01
4.243430140604687040e-08,6.926615932828133076e-20,9.999986886978149414e-01,1.367181312161847018e-06
0.000000000000000000e+00,0.000000000000000000e+00,1.000000000000000000e+00,0.000000000000000000e+00
0.000000000000000000e+00,0.000000000000000000e+00,1.000000000000000000e+00,1.729404342746573135e-19
7.498002802660486512e-38,0.000000000000000000e+00,1.000000000000000000e+00,0.000000000000000000e+00
1.737086735550234216e-27,0.000000000000000000e+00,1.000000000000000000e+00,6.434351862044235001e-25
9.550471015401485012e-18,6.317542703453263076e-23,9.674714207649230957e-01,3.252852335572242737e-02
2.130278106217760559e-22,0.000000000000000000e+00,1.000000000000000000e+00,4.025678987211456228e-13
1.075639253714318044e-20,2.219646026631631394e-15,3.016614355146884918e-04,9.996984004974365234e-01
1.531258534213230192e-23,3.886804732057411468e-27,3.834672163138819201e-11,1.000000000000000000e+00
2.620064811759663251e-16,0.000000000000000000e+00,1.000000000000000000e+00,0.000000000000000000e+00
2.843601578661349203e-21,2.825840547511009819e-17,2.459496141475159376e-21,1.000000000000000000e+00
5.200919531489489600e-06,1.848566107709886986e-20,9.999947547912597656e-01,5.379822987987317814e-27
1.244553722232200066e-12,4.077589503027889695e-13,3.672138554975390434e-04,9.996327161788940430e-01
1.000000000000000000e+00,0.000000000000000000e+00,3.414521608708677436e-14,8.313047799908522172e-19
5.610030901827069703e-22,1.147440792059673442e-17,2.699269466983999649e-22,1.000000000000000000e+00
1.864587885316700219e-21,6.530979099542144617e-14,2.709320236492337450e-20,1.000000000000000000e+00
0.000000000000000000e+00,1.335114353127615939e-37,1.000000000000000000e+00,1.236013628899547708e-37
0.000000000000000000e+00,0.000000000000000000e+00,1.000000000000000000e+00,2.074350447209629683e-31
6.311631776380018264e-33,1.039161106193483348e-23,1.000000000000000000e+00,2.216801172584013755e-32
7.565456372265674800e-14,5.502826024894602597e-05,9.999449253082275391e-01,2.843653850983066299e-19
0.000000000000000000e+00,0.000000000000000000e+00,1.000000000000000000e+00,0.000000000000000000e+00
2.856663596165275920e-33,1.996763342788840945e-24,1.000000000000000000e+00,0.000000000000000000e+00
5.927711280639628212e-34,3.825799269399632330e-13,1.000000000000000000e+00,5.032704985934916730e-18
4.711508266863617678e-11,2.510760134872314751e-21,9.998237490653991699e-01,1.763236650731414557e-04
9.076290066745151819e-13,1.835249349824152887e-06,2.478612661361694336e-01,7.521369457244873047e-01
1.233810242442521801e-20,3.083638055797620521e-15,4.712568557607710318e-09,1.000000000000000000e+00
2.947669900156443000e-18,1.914904248002535201e-19,2.509574308345169369e-14,1.000000000000000000e+00
6.137537309977569855e-13,1.375676797547549859e-17,2.501593893089984463e-36,1.000000000000000000e+00
0.000000000000000000e+00,0.000000000000000000e+00,7.787880764964003614e-33,1.000000000000000000e+00
5.832386982228265904e-14,9.883815703273617082e-20,0.000000000000000000e+00,1.000000000000000000e+00
2.065516002223789835e-23,5.961009019728180647e-09,9.996418952941894531e-01,3.581241180654615164e-04
1.045290520806929635e-10,4.850399548672612582e-08,9.738044738769531250e-01,2.619553543627262115e-02
2.243199217686047547e-14,7.274114750543958507e-07,9.999992847442626953e-01,1.851701902921831788e-08
7.379893666961299340e-17,1.858881104599419132e-10,5.439632300152652533e-09,1.000000000000000000e+00
1.930628508624299133e-13,3.595935652516519740e-15,6.878364032005471455e-19,1.000000000000000000e+00
0.000000000000000000e+00,0.000000000000000000e+00,1.000000000000000000e+00,0.000000000000000000e+00
0.000000000000000000e+00,0.000000000000000000e+00,0.000000000000000000e+00,1.000000000000000000e+00
0.000000000000000000e+00,0.000000000000000000e+00,1.000000000000000000e+00,0.000000000000000000e+00
0.000000000000000000e+00,0.000000000000000000e+00,1.000000000000000000e+00,0.000000000000000000e+00
4.297296827834898921e-35,0.000000000000000000e+00,1.000000000000000000e+00,1.044843638692283250e-11
0.000000000000000000e+00,0.000000000000000000e+00,1.000000000000000000e+00,0.000000000000000000e+00
0.000000000000000000e+00,0.000000000000000000e+00,1.000000000000000000e+00,0.000000000000000000e+00
0.000000000000000000e+00,0.000000000000000000e+00,3.376605474931822186e-27,1.000000000000000000e+00
0.000000000000000000e+00,0.000000000000000000e+00,1.000000000000000000e+00,0.000000000000000000e+00
0.000000000000000000e+00,0.000000000000000000e+00,1.000000000000000000e+00,0.000000000000000000e+00
1.025677142502644246e-13,9.999537467956542969e-01,4.625518340617418289e-05,5.124947222157061333e-08
3.156569244270462926e-13,2.455740650475490838e-05,9.999753236770629883e-01,1.093302799404227699e-07
1.660635907040152910e-18,6.999568975001859789e-26,1.000000000000000000e+00,3.267497356669243902e-16
2.996373517131723415e-26,7.697427538978974742e-22,1.000000000000000000e+00,1.134820477437553062e-26
4.408182742937149315e-24,5.470886945307628732e-21,1.000000000000000000e+00,2.698986206261419348e-26
9.046733853898912955e-23,9.311976244294254454e-28,1.000000000000000000e+00,5.784246681628246733e-08
1.094052001771039784e-10,4.818053941924027583e-12,4.818683785323685242e-10,1.000000000000000000e+00
9.939789772033691406e-01,5.834229756146669388e-03,1.087210839614272118e-04,7.801494939485564828e-05
1.242242152671441754e-32,2.934052469299314181e-13,1.000000000000000000e+00,1.288437672525288846e-13
7.771276026869206959e-22,2.866288289066306972e-35,1.000000000000000000e+00,1.742458647203195980e-24
3.447450324892997742e-02,2.016251556824499858e-07,9.655238986015319824e-01,1.345601049251854420e-06
5.059038447854147415e-25,2.336123485972260759e-20,4.830514540471589378e-19,1.000000000000000000e+00
1.491453294200084656e-09,1.631063409149646759e-03,1.623152638785541058e-03,9.967458248138427734e-01
1.034405899609812168e-18,1.123211936058122334e-14,1.102800708173299847e-18,1.000000000000000000e+00
1.901286594829798560e-07,6.929331696026115378e-17,4.802447510883212090e-04,9.995195865631103516e-01
9.916189908981323242e-01,5.599990247671335917e-17,1.163858787123217553e-09,8.381000719964504242e-03
1.119939297550276436e-11,9.995469450950622559e-01,3.173531152823740930e-19,4.529744619503617287e-04
1.000000000000000000e+00,5.437342433915969109e-23,5.131791658286033453e-10,7.244591732069594059e-11
1.000000000000000000e+00,1.092422470159109358e-23,1.037977511241426145e-36,3.135281314084470417e-12
2.169972348540164387e-17,1.394636041885061271e-16,4.523519579746615449e-12,1.000000000000000000e+00
1.485080474594724365e-06,8.115205149582596644e-14,1.352776224372576053e-11,9.999985694885253906e-01
5.958812002854196876e-13,4.807735806688917535e-12,1.592991294430134985e-09,1.000000000000000000e+00
5.642929598071529474e-31,0.000000000000000000e+00,1.000000000000000000e+00,3.424269223728515499e-08
6.616938114166259766e-01,2.003455348312854767e-02,4.225284556014230475e-06,3.182673454284667969e-01
9.012927860021591187e-02,6.253935694694519043e-01,2.843722403049468994e-01,1.049554703058674932e-04
6.407065988867088890e-10,3.770957164306310005e-07,2.140050195157527924e-02,9.785990715026855469e-01
7.047111308424925609e-22,9.999998807907104492e-01,1.487553760171067552e-07,4.984201419644396225e-12
9.998384714126586914e-01,2.372946464915824478e-19,1.386977487527474295e-06,1.600500399945303798e-04
3.138103920719004236e-06,9.556977602187544107e-05,9.999011754989624023e-01,1.239770597294409527e-07
1.181478439914018527e-31,6.902296693339112050e-30,1.000000000000000000e+00,1.055501334325959821e-23
9.984435439109802246e-01,1.482978463172912598e-03,7.345845369854941964e-05,2.312946017557422932e-16
3.474934783298522234e-05,0.000000000000000000e+00,0.000000000000000000e+00,9.999651908874511719e-01
1.688168355107322327e-10,4.895620804745703936e-05,6.771643370484525803e-07,9.999504089355468750e-01
3.503380020330859051e-20,0.000000000000000000e+00,6.255642523714561766e-24,1.000000000000000000e+00
0.000000000000000000e+00,0.000000000000000000e+00,1.000000000000000000e+00,0.000000000000000000e+00
1.000000000000000000e+00,0.000000000000000000e+00,3.067042666064695341e-27,0.000000000000000000e+00
5.117813515673770426e-25,3.928771608362224423e-25,1.000000000000000000e+00,6.667924263346934864e-37
1.183869734015796649e-12,6.784564576811646930e-11,1.000000000000000000e+00,1.019853931478626167e-18
2.026511992880841717e-06,1.278539116356114391e-06,5.549710988998413086e-01,4.450256228446960449e-01
2.258146684492260354e-23,1.332940091636203306e-09,1.000000000000000000e+00,1.062429658138519528e-11
0.000000000000000000e+00,0.000000000000000000e+00,1.000000000000000000e+00,0.000000000000000000e+00
2.631689861402855012e-27,3.270519976800861928e-13,1.000000000000000000e+00,7.333681836370918330e-37
3.989608740084804595e-05,2.447328277532800911e-11,9.999600648880004883e-01,6.728707155161139192e-20
2.882023095992091692e-34,4.947796481006552985e-29,1.000000000000000000e+00,2.830657515613393164e-36
1.423764377832412720e-01,2.606234602353652008e-06,8.576208949089050293e-01,4.918051388358435361e-08
8.836062856739349678e-21,6.666488785696603192e-14,1.000000000000000000e+00,2.200069709269951363e-25
2.868737085238842511e-21,1.743858064493456689e-28,1.000000000000000000e+00,2.626932934810840064e-29
2.681832470655259653e-29,1.875899153182954877e-25,5.912645013263560612e-20,1.000000000000000000e+00
1.182859657390591263e-14,4.254445811355729235e-36,1.000000000000000000e+00,4.576901767028025269e-16
6.082161462639525378e-20,8.230331157267969933e-15,1.000000000000000000e+00,2.780036351787719713e-24
1.832868042575239768e-35,6.914980198689801849e-13,2.205702678018535832e-30,1.000000000000000000e+00
1.000000000000000000e+00,0.000000000000000000e+00,1.117432805703817014e-31,0.000000000000000000e+00
0.000000000000000000e+00,0.000000000000000000e+00,1.000000000000000000e+00,1.638026363351072144e-30
6.667844057083129883e-01,1.225691416262699818e-18,3.332152962684631348e-01,3.192465953816281399e-07
0.000000000000000000e+00,0.000000000000000000e+00,1.000000000000000000e+00,0.000000000000000000e+00
0.000000000000000000e+00,0.000000000000000000e+00,1.000000000000000000e+00,0.000000000000000000e+00
0.000000000000000000e+00,0.000000000000000000e+00,1.000000000000000000e+00,0.000000000000000000e+00
3.643777454271912575e-04,9.969946146011352539e-01,2.640996593981981277e-03,1.711496055989414344e-09
3.207404942077869004e-23,1.483906681363010333e-26,1.000000000000000000e+00,3.241312496182757741e-10
0.000000000000000000e+00,4.622246084958321751e-21,1.000000000000000000e+00,7.313235465932729923e-21
9.871847578324377537e-05,1.120410840577276818e-19,9.999012947082519531e-01,8.553257306801649606e-17
9.994681477546691895e-01,3.457107045079510499e-09,2.748123673068647577e-10,5.318910116329789162e-04
1.544198579769839874e-12,3.456649434536488973e-29,6.041545082003654463e-16,1.000000000000000000e+00
4.240450834913644940e-06,1.927746573482380654e-10,8.100873231887817383e-01,1.899084895849227905e-01
2.048418909267237659e-14,2.883542102782810115e-18,1.000000000000000000e+00,5.626085153309645648e-10
3.082109801471233368e-02,3.868301214288508150e-14,5.268046651654388730e-24,9.691789150238037109e-01
7.245377865940655687e-19,7.737503026018426777e-20,1.000000000000000000e+00,2.677558178906173751e-15
9.683737158775329590e-01,2.456328473954272340e-08,1.167106092907488346e-04,3.150961175560951233e-02
2.342541516933264696e-22,1.985581548069603741e-06,9.999979734420776367e-01,3.510911339432709610e-09
5.955476370167250497e-15,2.825421754198975677e-12,1.968503056559711695e-06,9.999979734420776367e-01
6.875111144246606674e-19,4.224248121437179648e-12,3.380918032921910107e-15,1.000000000000000000e+00
1.600222894921898842e-04,4.476172762224450707e-06,1.641697883605957031e-01,8.356657028198242188e-01
2.161340884284296054e-17,3.124112254226929508e-06,9.999969005584716797e-01,4.205102412113692623e-12
6.414177679112931358e-34,1.250529916817196751e-31,8.668900666752854534e-12,1.000000000000000000e+00
1.339628852292662486e-06,2.718629129230976105e-02,8.027447708159251780e-17,9.728124141693115234e-01
6.634683358264226172e-10,9.963590502738952637e-01,3.198770315293586464e-08,3.640956711024045944e-03
1.785779104934304280e-34,2.356457427198146817e-21,9.920216097148923384e-15,1.000000000000000000e+00
2.901948820133171125e-11,7.454387144177881258e-15,9.969779253005981445e-01,3.022071206942200661e-03
1.639502588659524918e-03,3.512299619615077972e-03,9.426134228706359863e-01,5.223484709858894348e-02
9.993273019790649414e-01,0.000000000000000000e+00,6.727762520313262939e-04,2.320177433653024968e-28
5.150307189397889665e-24,8.361409376234031024e-37,1.000000000000000000e+00,3.791788948606660445e-19
3.850950160995125771e-04,3.811494576986401706e-13,6.239365468729829445e-09,9.996148347854614258e-01
7.024340006822731030e-18,4.705633781288569199e-28,3.720647488020256688e-12,1.000000000000000000e+00
1.592525440866900718e-29,4.635156841681364881e-12,3.713137338261941333e-17,1.000000000000000000e+00
0.000000000000000000e+00,1.261554142739846653e-15,1.693493570201098919e-03,9.983065128326416016e-01
3.221450273964247824e-14,1.064566360581373650e-15,1.257407166121993214e-05,9.999874830245971680e-01
7.523611884607817046e-07,4.149576183408498764e-03,8.575338870286941528e-05,9.957638978958129883e-01
0.000000000000000000e+00,0.000000000000000000e+00,1.700453421165032804e-23,1.000000000000000000e+00
2.595854198261804413e-07,8.053074494561419468e-33,9.999997615814208984e-01,2.259138986993036724e-10
4.385318774779989326e-08,3.072674614745807276e-10,9.998232722282409668e-01,1.767768262652680278e-04
1.738487066978156026e-12,3.470090031623840332e-02,8.667902089655399323e-03,9.566311836242675781e-01
9.983724298193445874e-16,9.531121102003928047e-30,3.522168652463176806e-19,1.000000000000000000e+00
1.838519687931276767e-27,1.042345447427810541e-30,3.116101501602678615e-35,1.000000000000000000e+00
0.000000000000000000e+00,0.000000000000000000e+00,1.000000000000000000e+00,0.000000000000000000e+00
6.732425034128297625e-11,9.358357144773066238e-11,9.945566654205322266e-01,5.443290341645479202e-03
2.978149636144552522e-27,1.397811743773069852e-21,9.999881982803344727e-01,1.184899156214669347e-05
1.535655111074447632e-01,1.747683597841387382e-07,8.227194570054052747e-08,8.464342951774597168e-01
1.464683409280187476e-12,1.846560033165732505e-20,1.000000000000000000e+00,0.000000000000000000e+00
2.325174964985877583e-22,7.271086510662883029e-10,2.044538222253322601e-02,9.795545935630798340e-01
9.325039079398269454e-15,9.054283499717712402e-01,2.189920842647552490e-02,7.267238199710845947e-02
3.028747356200226469e-16,4.609328468702665957e-24,2.749019404291175306e-05,9.999724626541137695e-01
2.051269968279539314e-32,5.384740503432920631e-26,1.000000000000000000e+00,4.686109355788173860e-20
1.881169543326444843e-14,6.477256461872741847e-31,1.183942188731634815e-08,1.000000000000000000e+00
1.824840500871074210e-25,4.756579623698404842e-29,1.000000000000000000e+00,2.101951425415027330e-12
1.206839351652888581e-05,3.196388483047485352e-02,2.394354958261793747e-24,9.680240750312805176e-01
6.293316982919350266e-05,6.624040760350169421e-10,7.203912844033766305e-08,9.999369382858276367e-01
3.901004448315392340e-18,7.928925494415841463e-15,9.999761581420898438e-01,2.385407060501165688e-05
9.848396182060241699e-01,1.674325011968846866e-09,1.352197955384326633e-06,1.515895687043666840e-02
7.497976306676534808e-15,9.663003036619599584e-12,9.999961853027343750e-01,3.795348675339482725e-06
3.267794963903725147e-04,4.049986040977060497e-11,1.271458808332681656e-02,9.869586825370788574e-01
6.964080732033410486e-22,1.000000000000000000e+00,1.736359604817723501e-14,2.575051278527128356e-30
1.449234907212793481e-24,4.142005935150105608e-16,1.000000000000000000e+00,5.795149616568931906e-18
3.000572845746063422e-10,0.000000000000000000e+00,1.000000000000000000e+00,1.032914555180767894e-27
7.650052905082702637e-01,3.495497641337053096e-11,2.349947094917297363e-01,2.126804158134043554e-12
1.884305101677443241e-32,5.035011997545191006e-32,1.000000000000000000e+00,8.181089486414272471e-12
1.129184853260190025e-11,7.010657604232555730e-22,3.060893416404724121e-01,6.939106583595275879e-01
0.000000000000000000e+00,0.000000000000000000e+00,1.000000000000000000e+00,0.000000000000000000e+00
0.000000000000000000e+00,0.000000000000000000e+00,1.000000000000000000e+00,0.000000000000000000e+00
4.909966747415617228e-14,0.000000000000000000e+00,1.000000000000000000e+00,1.906843578044929913e-25
0.000000000000000000e+00,0.000000000000000000e+00,1.000000000000000000e+00,0.000000000000000000e+00
0.000000000000000000e+00,8.711147088878445100e-33,9.949591159820556641e-01,5.040855612605810165e-03
1.724785871394753232e-34,0.000000000000000000e+00,1.000000000000000000e+00,0.000000000000000000e+00
0.000000000000000000e+00,5.931434076414429055e-37,1.000000000000000000e+00,0.000000000000000000e+00
0.000000000000000000e+00,0.000000000000000000e+00,1.000000000000000000e+00,0.000000000000000000e+00
3.563167028393097607e-36,1.319638702487593702e-17,1.000000000000000000e+00,3.445801180198063141e-14
4.046583443214173671e-30,3.558381780585180692e-23,1.000000000000000000e+00,0.000000000000000000e+00
0.000000000000000000e+00,0.000000000000000000e+00,7.973790872028985177e-08,9.999998807907104492e-01
2.230908091995029846e-14,3.628101554441824144e-34,1.000000000000000000e+00,0.000000000000000000e+00
0.000000000000000000e+00,0.000000000000000000e+00,1.000000000000000000e+00,0.000000000000000000e+00
8.583146568337579453e-20,1.137268167537996643e-20,1.000000000000000000e+00,8.614549425554570432e-25
0.000000000000000000e+00,0.000000000000000000e+00,1.000000000000000000e+00,0.000000000000000000e+00
1.000000000000000000e+00,1.086539734178772481e-34,1.817240325548106338e-18,5.605572672706671256e-10
0.000000000000000000e+00,0.000000000000000000e+00,1.000000000000000000e+00,0.000000000000000000e+00
3.407342975471809387e-38,2.756416633290362638e-37,1.000000000000000000e+00,2.845140829303165408e-22
3.545685222087829552e-24,9.756660461425781250e-01,2.433390170335769653e-02,1.004937938420269461e-10
9.806003275083829678e-27,1.524052883894455590e-08,1.000000000000000000e+00,2.298421191869112756e-14
9.340576667682398693e-08,8.131379727274179459e-04,9.991868138313293457e-01,1.089382897041454856e-13
1.000000000000000000e+00,0.000000000000000000e+00,0.000000000000000000e+00,0.000000000000000000e+00
1.001211816072906724e-34,1.000000000000000000e+00,2.823397939055727335e-11,0.000000000000000000e+00
0.000000000000000000e+00,4.700551438144861020e-17,8.901281654834747314e-02,9.109871983528137207e-01
6.356127863621496843e-12,4.747423699817676646e-13,1.914050243794918060e-02,9.808595180511474609e-01
2.256913994003162914e-17,9.959002137184143066e-01,5.705500308317290603e-11,4.099795129150152206e-03
3.261658942446129835e-37,0.000000000000000000e+00,1.000000000000000000e+00,8.493108432713700392e-31
1.195353071887226089e-27,6.528411912959315805e-22,1.000000000000000000e+00,0.000000000000000000e+00
0.000000000000000000e+00,0.000000000000000000e+00,1.000000000000000000e+00,0.000000000000000000e+00
4.239006713032722473e-02,1.143152564764022827e-01,1.364380400627851486e-02,8.296508193016052246e-01
1.272831860345668078e-17,4.744821730938392784e-20,1.000000000000000000e+00,1.079980475573094276e-14
5.577553110924782231e-06,9.152082800865173340e-01,8.462379872798919678e-02,1.623258140170946717e-04
2.522277942063055889e-09,9.992182254791259766e-01,4.368728989678771768e-11,7.817246951162815094e-04
5.752679682378621806e-18,8.328025842274655588e-07,9.261300697150330608e-15,9.999991655349731445e-01
5.902611760269874799e-29,5.260552882191404933e-08,1.000000000000000000e+00,1.704756995291045740e-11
0.000000000000000000e+00,1.000000000000000000e+00,1.082112717990698866e-36,5.835224073368873037e-29
7.555328878301049052e-26,8.466242644323836363e-35,1.000000000000000000e+00,1.939341820615069466e-17
1.000000000000000000e+00,0.000000000000000000e+00,5.862503408074482003e-13,5.600408815407169044e-37
8.836197758265029713e-21,0.000000000000000000e+00,1.000000000000000000e+00,5.503137906443878249e-15
1.016443979569778612e-20,2.972455918788909912e-01,7.027544379234313965e-01,6.306766775487915311e-10
1.178782537659955676e-30,0.000000000000000000e+00,1.000000000000000000e+00,1.033135556452977431e-34
5.994524876484774722e-10,9.022259759858793152e-24,1.000000000000000000e+00,2.041495400260979427e-18
3.447851260602171427e-22,3.980919055773107784e-13,1.000000000000000000e+00,1.421598098080097491e-34
0.000000000000000000e+00,0.000000000000000000e+00,1.000000000000000000e+00,0.000000000000000000e+00
3.256876579950211681e-14,3.291700780391693115e-02,9.670829176902770996e-01,2.019355650431494032e-27
1.328131833099080751e-34,9.052413367669271892e-19,1.000000000000000000e+00,0.000000000000000000e+00
1.952732815941118916e-16,2.942124988081218362e-09,9.999645948410034180e-01,3.539639874361455441e-05
4.796972645941586589e-27,9.688800573348999023e-01,3.111989796161651611e-02,2.871372673309718256e-19
0.000000000000000000e+00,0.000000000000000000e+00,1.000000000000000000e+00,4.722107687510357366e-12
0.000000000000000000e+00,1.695944765547332633e-23,1.000000000000000000e+00,0.000000000000000000e+00
7.968632806561182225e-13,1.000000000000000000e+00,4.636098727139881248e-10,3.683380466983050598e-19
2.068434591935603084e-21,1.000000000000000000e+00,5.043943518417108944e-35,7.425023178638450039e-38
3.173411460011266172e-05,9.999682903289794922e-01,1.739215397575215056e-17,5.250035961523735750e-10
2.163355219408913399e-07,4.594254505718708970e-07,9.999992847442626953e-01,1.274952622835518183e-20
7.297159543284692518e-10,1.112180761992931366e-02,9.888781905174255371e-01,2.547383715011598208e-30
0.000000000000000000e+00,0.000000000000000000e+00,1.000000000000000000e+00,0.000000000000000000e+00
7.478734005417209119e-07,6.166503749896243129e-17,9.999992847442626953e-01,1.335281503984812141e-22
0.000000000000000000e+00,2.956325776629770141e-13,1.000000000000000000e+00,1.695846318059059815e-17
0.000000000000000000e+00,0.000000000000000000e+00,1.000000000000000000e+00,2.070295579414960230e-08
0.000000000000000000e+00,1.521825238695346128e-15,1.000000000000000000e+00,0.000000000000000000e+00
5.424499425880828140e-30,2.557514242876419764e-33,1.000000000000000000e+00,0.000000000000000000e+00
2.201239658461418003e-05,1.965060206299366312e-24,9.999750852584838867e-01,2.804036284942412749e-06
0.000000000000000000e+00,4.534726490066494377e-37,1.000000000000000000e+00,0.000000000000000000e+00
2.606348783651547656e-23,6.153734743996608358e-10,1.000000000000000000e+00,4.930718414054681225e-17
0.000000000000000000e+00,4.184620860859483075e-29,1.000000000000000000e+00,5.511106669569853325e-35
2.517633725194340366e-13,3.315103183285095234e-13,9.942046999931335449e-01,5.795285105705261230e-03
1.446754013621583264e-25,0.000000000000000000e+00,1.000000000000000000e+00,1.187386491552959066e-19
3.358094347669346320e-35,4.737431782277888751e-32,1.000000000000000000e+00,2.022241575583283435e-11
4.092309188645715723e-16,9.999874830245971680e-01,1.247379259439185262e-05,8.569179255069059309e-10
9.999234676361083984e-01,7.597242802148684859e-05,3.942287424648803149e-15,5.784954169030243065e-07
4.449852708532375800e-10,2.879045717717816817e-15,8.317469619214534760e-03,9.916825294494628906e-01
0.000000000000000000e+00,0.000000000000000000e+00,0.000000000000000000e+00,1.000000000000000000e+00
6.612088654378567298e-11,1.866066522360427041e-16,9.999853372573852539e-01,1.464274646423291415e-05
1.216947058396830247e-14,9.989728927612304688e-01,1.751522593629317726e-09,1.027125166729092598e-03
2.859453437849879265e-03,3.313359411549754441e-05,9.971074461936950684e-01,6.383548186984734293e-15
9.438237948095410993e-24,0.000000000000000000e+00,4.839755181889572388e-19,1.000000000000000000e+00
0.000000000000000000e+00,0.000000000000000000e+00,1.000000000000000000e+00,0.000000000000000000e+00
0.000000000000000000e+00,0.000000000000000000e+00,1.000000000000000000e+00,0.000000000000000000e+00
1.413315314536544921e-18,5.118423165097500324e-16,8.222953081130981445e-01,1.777046471834182739e-01
3.824966351600677319e-36,0.000000000000000000e+00,6.205491750016072514e-17,1.000000000000000000e+00
9.406114220619201660e-01,2.743136846111140972e-16,1.345515592145748822e-21,5.938857048749923706e-02
4.916760481064617252e-27,6.225551624083891511e-05,8.585405535995960236e-03,9.913523197174072266e-01
4.522160916397554595e-25,1.572845163229840691e-27,1.000000000000000000e+00,8.931692690368722362e-22
4.762975745377274224e-27,3.034715361872892049e-25,1.000000000000000000e+00,4.013190333437138824e-13
1.308841966154777808e-21,3.457728674644824571e-15,9.999998807907104492e-01,9.069382400639369735e-08
1.291975120480296701e-30,1.789225803657406345e-38,1.000000000000000000e+00,2.759924589607676847e-34
0.000000000000000000e+00,0.000000000000000000e+00,1.000000000000000000e+00,7.521698423380587730e-37
0.000000000000000000e+00,6.080853552912900789e-26,3.779944181442260742e-01,6.220056414604187012e-01
1.042479674694090290e-35,6.312984623946249485e-05,9.999368190765380859e-01,7.160289754790919008e-28
1.932684883010274665e-20,2.189286248219669134e-14,4.353855228005510530e-15,1.000000000000000000e+00
3.680222285191063187e-33,6.730387365780387529e-20,1.000000000000000000e+00,2.056721695803319652e-26
8.973132353276014328e-04,9.157224667433183640e-08,7.633689674548804760e-04,9.983391761779785156e-01
5.974008326357545648e-38,1.962733826593579046e-17,1.000000000000000000e+00,2.480009426986118370e-11
0.000000000000000000e+00,0.000000000000000000e+00,1.000000000000000000e+00,7.378771291382773872e-31
0.000000000000000000e+00,0.000000000000000000e+00,1.000000000000000000e+00,0.000000000000000000e+00
1.561253432308742917e-13,4.420620553641230188e-12,1.000000000000000000e+00,6.934468971264706738e-11
0.000000000000000000e+00,0.000000000000000000e+00,1.000000000000000000e+00,0.000000000000000000e+00
0.000000000000000000e+00,1.000000000000000000e+00,1.508991048418108173e-16,2.300748848582489108e-19
9.518931861293245851e-26,4.064217340950026852e-16,1.000000000000000000e+00,5.379618435706116531e-37
1.293974582550331263e-25,1.224593716691738014e-22,1.596557945013046265e-01,8.403441905975341797e-01
0.000000000000000000e+00,0.000000000000000000e+00,1.000000000000000000e+00,0.000000000000000000e+00
0.000000000000000000e+00,0.000000000000000000e+00,1.000000000000000000e+00,0.000000000000000000e+00
3.130582432581670203e-32,3.013753355468906712e-25,1.000000000000000000e+00,8.268950575271121521e-21
0.000000000000000000e+00,0.000000000000000000e+00,1.000000000000000000e+00,0.000000000000000000e+00
0.000000000000000000e+00,0.000000000000000000e+00,1.000000000000000000e+00,0.000000000000000000e+00
4.561091630252145368e-13,7.831919929839125704e-24,1.000000000000000000e+00,0.000000000000000000e+00
0.000000000000000000e+00,0.000000000000000000e+00,1.000000000000000000e+00,0.000000000000000000e+00
1.133722307145035302e-07,9.999729394912719727e-01,6.064522040105657652e-07,2.635923192428890616e-05
0.000000000000000000e+00,0.000000000000000000e+00,1.000000000000000000e+00,2.612495289544547461e-12
6.489351562777301297e-07,0.000000000000000000e+00,0.000000000000000000e+00,9.999994039535522461e-01
1.000000000000000000e+00,1.820251865902733357e-10,2.469507228124520939e-22,5.681762282883084936e-10
7.189959916331645218e-08,9.876703023910522461e-01,1.232960633933544159e-02,1.605029414144311609e-18
1.972508367499246713e-27,8.518455433659255505e-04,9.991481304168701172e-01,1.324918119943787926e-24
4.259459190906284569e-23,1.194027492825103242e-26,1.000000000000000000e+00,7.961180499927059585e-30
2.424947970242396111e-24,1.000000000000000000e+00,4.587787281909488351e-18,4.010774577067705659e-23
2.470582704284714091e-21,4.229973171732126502e-08,1.000000000000000000e+00,1.093242638981506329e-25
1.662701416436582202e-13,8.980321139097213745e-02,9.101967215538024902e-01,0.000000000000000000e+00
1.149334453327268638e-15,5.997920937044279310e-14,1.000000000000000000e+00,2.530101683717589367e-10
6.653632397862191254e-18,1.006022163970415952e-23,1.000000000000000000e+00,1.215450266475737173e-14
1.000000000000000000e+00,2.190044590122397494e-08,9.638324553125800077e-37,2.249862506755816805e-19
1.141563943952270085e-25,4.373655450328192354e-19,1.000000000000000000e+00,3.948138753578571164e-32
0.000000000000000000e+00,2.966526159150903392e-36,1.000000000000000000e+00,6.362267200824457121e-28
2.072154927645897260e-07,1.095377087645399428e-11,4.786315441207555921e-12,9.999997615814208984e-01
5.817112922655788432e-21,5.337391048669815063e-04,9.994662404060363770e-01,1.843097479107755343e-13
0.000000000000000000e+00,0.000000000000000000e+00,1.000000000000000000e+00,0.000000000000000000e+00
0.000000000000000000e+00,1.000000000000000000e+00,1.932936939748103270e-26,1.344658422197022912e-20
2.045105702563887462e-06,2.417790505204850527e-37,9.995150566101074219e-01,4.828825767617672682e-04
3.051945070119050473e-24,9.822340423654152275e-13,1.000000000000000000e+00,1.831235601127044151e-17
1.167258005807525478e-06,2.533919030156539520e-07,2.945823073387145996e-01,7.054162025451660156e-01
8.554771474544864418e-13,4.033742025664943851e-24,4.583398840605710774e-17,1.000000000000000000e+00
8.192880749702453613e-01,5.232622335427095095e-09,6.583427602890878916e-05,1.806460618972778320e-01
3.932450636057183146e-05,1.154643329732973900e-12,5.686028904661188932e-13,9.999606609344482422e-01
4.533634925807383809e-11,1.250584900844842196e-04,9.989511966705322266e-01,9.237765334546566010e-04
1.490505531007551906e-32,1.391711208498236374e-07,1.342802415484414813e-13,9.999998807907104492e-01
9.369409084320068359e-01,6.934618577361106873e-04,7.490813004551455379e-06,6.235816702246665955e-02
3.326228875666359386e-11,9.996296167373657227e-01,2.216864966239254914e-27,3.703198162838816643e-04
3.555049728047013213e-20,2.761502731564789134e-20,1.000000000000000000e+00,8.501730572084496406e-16
3.289422602392733097e-05,3.533715016601490788e-06,9.995450377464294434e-01,4.184537683613598347e-04
2.581712112642473850e-36,8.386941911979415516e-20,1.000000000000000000e+00,2.111424423274134740e-25
7.251149258037111285e-36,2.257277896200122350e-22,1.000000000000000000e+00,3.043104415763676600e-20
2.336824657389602322e-11,9.998873472213745117e-01,1.126835340983234346e-04,1.170881705091900220e-18
1.433201086676674845e-27,4.396634996265184291e-21,9.999998807907104492e-01,1.165561727134445391e-07
1.595742418203371926e-07,1.333769038319587708e-02,9.866622090339660645e-01,4.288447996714239707e-08
5.357996428756450769e-07,9.996919631958007812e-01,3.075851127505302429e-04,2.841482431292785549e-11
7.488658101969958426e-30,2.687301768012158582e-36,1.000000000000000000e+00,3.915704675646681401e-20
5.238432549958815798e-06,1.738970167934894562e-03,9.982557892799377441e-01,0.000000000000000000e+00
4.195328545151560436e-18,3.325662054860374096e-24,8.200466632843017578e-03,9.917995929718017578e-01
7.902280392546590093e-12,7.458103937096893787e-05,1.335734900465013197e-08,9.999253749847412109e-01
0.000000000000000000e+00,0.000000000000000000e+00,1.000000000000000000e+00,0.000000000000000000e+00
1.426665174886210252e-10,2.115274617233507317e-28,6.738085685519283261e-15,1.000000000000000000e+00
1.233145849255379289e-05,1.032508453735481169e-11,4.431710207142280922e-12,9.999877214431762695e-01
3.023700470979909474e-34,0.000000000000000000e+00,1.000000000000000000e+00,0.000000000000000000e+00
3.340581315569579601e-06,1.544028600619640201e-05,9.957345128059387207e-01,4.246805794537067413e-03
1.183415073834764852e-13,8.158298481220072063e-10,2.056541177353210514e-07,9.999997615814208984e-01
9.407468885183334351e-02,2.765298212636935205e-09,9.059252738952636719e-01,3.192483164739070433e-23
4.607632320130505832e-07,4.243190373446736191e-15,2.834534272551536560e-03,9.971650242805480957e-01
1.151902762246482206e-29,1.040913674093186952e-25,1.000000000000000000e+00,8.061546985516088171e-10
0.000000000000000000e+00,0.000000000000000000e+00,1.000000000000000000e+00,0.000000000000000000e+00
4.533188301109945061e-29,6.181782527946096088e-28,1.000000000000000000e+00,6.007244748536363353e-20
2.482460990036157766e-26,3.781412913372340923e-14,1.000000000000000000e+00,4.642031801933870311e-23
2.674045986638356093e-23,1.146979272806933142e-28,1.000000000000000000e+00,2.047059653143425094e-29
3.842735168291255832e-06,9.997014403343200684e-01,8.233631658416395993e-12,2.947280299849808216e-04
6.193923127284506336e-06,8.042674064636230469e-01,1.957112401723861694e-01,1.513225652161054313e-05
1.023647189140319824e-02,2.432562857866287231e-01,1.940284040756523609e-03,7.445669174194335938e-01
9.504222495820835448e-13,8.642064841524188523e-09,5.308560275807394646e-07,9.999994039535522461e-01
9.722984263622522737e-16,2.263675071299076080e-02,9.773632287979125977e-01,8.394528960842251308e-10
2.410577889834015384e-32,1.272038120137308388e-36,1.000000000000000000e+00,1.262095957442847004e-28
1.117984415031969547e-03,9.413517743084298672e-10,5.044846609234809875e-02,9.484335184097290039e-01
1.004453457558715153e-31,7.190405304394553279e-23,7.558826730090810117e-16,1.000000000000000000e+00
0.000000000000000000e+00,5.304472487852223175e-19,1.000000000000000000e+00,6.042522168389630188e-13
2.149121374225285197e-25,8.832236578426440166e-25,1.911117231998964745e-26,1.000000000000000000e+00
1.684013063545097832e-12,1.155671391916968105e-10,9.803673028945922852e-01,1.963274367153644562e-02
1.525441612737649770e-21,6.057539197802210999e-23,0.000000000000000000e+00,1.000000000000000000e+00
5.205367387128845280e-12,4.736388859512708632e-15,3.846154061903916954e-09,1.000000000000000000e+00
9.999996423721313477e-01,3.866211883973846852e-08,3.720392953709961148e-07,1.859361793640644331e-26
9.826831230874839005e-18,1.000000000000000000e+00,1.500199096893251038e-11,1.146534470942014404e-18
1.180817982300438400e-28,1.571710833312908728e-13,1.000000000000000000e+00,2.317196275906900277e-24
3.838473787709517637e-07,2.435787337162764743e-06,9.999971389770507812e-01,2.484722446376022922e-15
2.819362972250605281e-11,1.079084904631599784e-05,9.999889135360717773e-01,2.490353665507427650e-07
8.395334205602011934e-09,2.519438930903561413e-05,1.139816455543041229e-02,9.885767102241516113e-01
2.713652328019400262e-13,3.288511823962281255e-11,9.864546060562133789e-01,1.354539487510919571e-02
1.665458175597073128e-32,0.000000000000000000e+00,1.000000000000000000e+00,3.665823200549311878e-08
0.000000000000000000e+00,0.000000000000000000e+00,1.000000000000000000e+00,0.000000000000000000e+00
1.375038452777268276e-22,2.955989889552654491e-19,1.000000000000000000e+00,8.608483087339021539e-15
7.278159550604015019e-19,3.273268521297723055e-05,9.999672174453735352e-01,9.785672272499823521e-12
1.986439856802393357e-15,4.320339658941962924e-13,9.999998807907104492e-01,1.756213663384187385e-07
3.486024465456978706e-34,7.730535570235521550e-36,1.000000000000000000e+00,3.647412622348424085e-22
0.000000000000000000e+00,0.000000000000000000e+00,1.000000000000000000e+00,2.411208197663189010e-28
0.000000000000000000e+00,0.000000000000000000e+00,1.000000000000000000e+00,0.000000000000000000e+00
1.823070359399888457e-28,1.000000000000000000e+00,5.892132115548065485e-09,1.488219575694078902e-20
3.927891896182700293e-07,3.660813801267079949e-26,9.999996423721313477e-01,4.090217662553460765e-25
2.636853402293581894e-09,1.159177944064140320e-01,3.230081871151924133e-02,8.517813682556152344e-01
9.087006836368063777e-20,1.000000000000000000e+00,6.447910097978415612e-19,2.761303719012175861e-08
0.000000000000000000e+00,0.000000000000000000e+00,1.000000000000000000e+00,0.000000000000000000e+00
1.484719224414947952e-21,7.666668930294994174e-33,4.873772710561752319e-02,9.512622356414794922e-01
1.240903511643409729e-03,8.390284347115084529e-05,2.594186199189607578e-09,9.986751675605773926e-01
0.000000000000000000e+00,0.000000000000000000e+00,1.000000000000000000e+00,3.489038385218029049e-30
1.118651684373617172e-02,2.608202695846557617e-01,1.836959654610836878e-06,7.279913425445556641e-01
4.373457898054766702e-07,4.698541147263313178e-07,2.942686676979064941e-01,7.057303786277770996e-01
1.418309263437333989e-12,1.616386488149378921e-16,4.524469261468766490e-07,9.999995231628417969e-01
1.179875179152588098e-15,5.375586179532168551e-14,1.682906731730327010e-04,9.998316764831542969e-01
8.473062251823648694e-08,4.725190724808037146e-11,2.061195519820202549e-10,9.999998807907104492e-01
1.132074729098819788e-11,2.929855611455423059e-07,2.248714991992528667e-09,9.999997615814208984e-01
8.353286951034988306e-09,1.000000000000000000e+00,3.019570704587692944e-10,2.326833614674228556e-09
1.586716462430651231e-13,8.968077898025512695e-01,1.461503917887796433e-09,1.031922623515129089e-01
1.197951074345006694e-26,1.968124397209464616e-17,1.000000000000000000e+00,0.000000000000000000e+00
5.204314918085253398e-27,0.000000000000000000e+00,1.000000000000000000e+00,9.747138466904663179e-15
5.276813701067246306e-30,7.434311945502389565e-25,1.000000000000000000e+00,5.205367387128845280e-12
5.546416313362802593e-26,8.448994363166606504e-32,6.305217540670089987e-22,1.000000000000000000e+00
3.022553573828190565e-04,1.712934659762759508e-19,9.996550083160400391e-01,4.277581319911405444e-05
1.778277941566486220e-10,1.187156047672033310e-02,3.730227945197839290e-06,9.881247282028198242e-01
5.202470347285270691e-02,1.316318903410432910e-21,7.879126071929931641e-01,1.600627154111862183e-01
4.313664044053886013e-16,2.761137707363303662e-10,1.925306397328793023e-14,1.000000000000000000e+00
1.483422854282901148e-31,6.140800664659480096e-27,9.998100399971008301e-01,1.899840572150424123e-04
2.156193921859089330e-38,8.241477579168149729e-24,1.000000000000000000e+00,1.187192098101030879e-11
1.478310848030111452e-14,2.305607500705472454e-19,4.064537595382944346e-11,1.000000000000000000e+00
1.371188844787859069e-29,4.426281190026953680e-31,5.865154584228093881e-09,1.000000000000000000e+00
5.307724500516469178e-29,2.663754483142296931e-37,0.000000000000000000e+00,1.000000000000000000e+00
0.000000000000000000e+00,0.000000000000000000e+00,0.000000000000000000e+00,1.000000000000000000e+00
2.659861478701577080e-25,0.000000000000000000e+00,1.000000000000000000e+00,3.172817009122752552e-10
1.000000000000000000e+00,9.457002914905443097e-19,2.138551007558209954e-14,2.781673581751955392e-29
0.000000000000000000e+00,9.999902248382568359e-01,1.645511227277296484e-10,9.716627573652658612e-06
7.801067192399202543e-13,1.247582939734037666e-11,8.825804591178894043e-01,1.174195557832717896e-01
0.000000000000000000e+00,0.000000000000000000e+00,9.972418546676635742e-01,2.758146729320287704e-03
0.000000000000000000e+00,0.000000000000000000e+00,1.000000000000000000e+00,0.000000000000000000e+00
0.000000000000000000e+00,1.417595534075829093e-35,1.210866545919841997e-10,1.000000000000000000e+00
2.282044846424469142e-07,3.305771372197341407e-07,3.878144472224676065e-09,9.999994039535522461e-01
0.000000000000000000e+00,0.000000000000000000e+00,1.000000000000000000e+00,0.000000000000000000e+00
1.115732973947045764e-16,1.999022885001977556e-07,7.144095609917675529e-21,9.999997615814208984e-01
8.866751136296031963e-22,5.156193189845218481e-21,2.406518560815751329e-12,1.000000000000000000e+00
1.730181136549078898e-25,9.999943971633911133e-01,5.576429430220741779e-06,1.998663574552677377e-18
5.161362006183720977e-31,5.056697172946049974e-35,0.000000000000000000e+00,1.000000000000000000e+00
0.000000000000000000e+00,0.000000000000000000e+00,1.000000000000000000e+00,2.856813931125217837e-27
1.205439775775474232e-10,1.749984544688104178e-18,5.282717503894816163e-29,1.000000000000000000e+00
4.485566448274517191e-30,0.000000000000000000e+00,1.652502715587615967e-01,8.347497582435607910e-01
1.096663311933244800e-33,1.000000000000000000e+00,0.000000000000000000e+00,5.644883159311936345e-18
4.697837458555074536e-18,8.417600612785239127e-16,1.000000000000000000e+00,7.761372877723715646e-09
0.000000000000000000e+00,0.000000000000000000e+00,1.846829074157736608e-26,1.000000000000000000e+00
0.000000000000000000e+00,0.000000000000000000e+00,1.450358739594895859e-15,1.000000000000000000e+00
6.227413432044067316e-25,3.465481027142836012e-11,5.787241272628307343e-03,9.942128062248229980e-01
4.826553219594575950e-12,1.935899518422097391e-15,1.000000000000000000e+00,1.611458362582585124e-13
6.569515751767989817e-27,8.914795802538476682e-25,1.000000000000000000e+00,3.265416302596958493e-16
1.528090570745987975e-10,9.976333379745483398e-01,1.477984944358468056e-03,8.886576979421079159e-04
1.652845504906963470e-08,3.185826047413797824e-09,1.000000000000000000e+00,3.441258756328126673e-20
9.128478417608221207e-09,4.312086687718874600e-09,9.999492168426513672e-01,5.073544889455661178e-05
7.189260963832777954e-21,1.210839188431208975e-32,1.000000000000000000e+00,2.792971156139208915e-25
0.000000000000000000e+00,6.789237703552143108e-26,1.000000000000000000e+00,3.558535034170959789e-21
9.002027923088462558e-08,3.427875414490699768e-02,9.657211303710937500e-01,1.197460320982693770e-17
2.228969911205122556e-14,1.273503312404500321e-05,9.999872446060180664e-01,2.621784456202647107e-10
0.000000000000000000e+00,0.000000000000000000e+00,1.000000000000000000e+00,7.108543322566661044e-20
3.085589924012310803e-06,4.032590189490735345e-17,9.999969005584716797e-01,6.916846206905802319e-09
8.406988531351089478e-02,2.135055139660835266e-02,4.517555935308337212e-04,8.941278457641601562e-01
7.362424176337308033e-34,3.744015207459772945e-25,1.000000000000000000e+00,4.994858598150015794e-24
2.792089759395821602e-08,2.886198699199142570e-15,3.149406735403204038e-09,1.000000000000000000e+00
0.000000000000000000e+00,1.405289367168580718e-17,1.000000000000000000e+00,2.452654837784159179e-15
4.668445393782612503e-35,0.000000000000000000e+00,1.358856468102950799e-13,1.000000000000000000e+00
4.360751141550533783e-31,2.516363828181986258e-27,1.000000000000000000e+00,6.125795744462759142e-28
6.045249750005060596e-14,8.162027806974947453e-04,1.920133627208997495e-06,9.991818070411682129e-01
2.211174796684645116e-05,3.021303359861502643e-20,9.999779462814331055e-01,1.260394114625909180e-35
2.054447680711746216e-02,2.208168137952835368e-37,5.693832918041152880e-06,9.794498682022094727e-01
3.848370771289504126e-35,8.533387330089681200e-10,1.000000000000000000e+00,3.609173456482236116e-28
7.089165166007660446e-08,2.028518938459455967e-04,1.899457296297960967e-19,9.997970461845397949e-01
6.551679144817029385e-16,9.211581945419311523e-01,2.136901855465112021e-07,7.884160429239273071e-02
1.037148611351262906e-13,2.274564890074521652e-15,1.406263910007260068e-19,1.000000000000000000e+00
2.654097725286591310e-30,0.000000000000000000e+00,1.992627941550936216e-35,1.000000000000000000e+00
6.105893662154583877e-18,1.791860631783492863e-05,9.995408058166503906e-01,4.412973939906805754e-04
0.000000000000000000e+00,5.982403541350147762e-22,1.000000000000000000e+00,0.000000000000000000e+00
2.678296911537559245e-25,7.314204298156513735e-28,9.999758005142211914e-01,2.418828989902976900e-05
1.289252921669231709e-22,7.336847560178419240e-36,1.000000000000000000e+00,7.923889467677662171e-36
3.975597927035820489e-14,1.895541723584415195e-09,1.000000000000000000e+00,8.198135268408301542e-26
6.932192295789718628e-02,4.878847903455607593e-05,2.616493155471744103e-08,9.306291937828063965e-01
9.996888637542724609e-01,1.233209331985563040e-06,3.096721484325826168e-04,2.918229711212916300e-07
2.397881307493352651e-19,9.817725521443776415e-10,9.955197572708129883e-01,4.480176139622926712e-03
6.588402197337604628e-23,3.630043223153542937e-32,1.084887797273882535e-33,1.000000000000000000e+00
8.943328857421875000e-01,1.609974745748202563e-20,8.604716471586216825e-24,1.056671291589736938e-01
3.829100541684030817e-23,5.904858426220016554e-06,6.348003012135450263e-08,9.999940395355224609e-01
1.591913402080535889e-02,1.198087028891903216e-11,9.839360713958740234e-01,1.447531394660472870e-04
9.077705283264640415e-31,0.000000000000000000e+00,3.569075440965698315e-26,1.000000000000000000e+00
1.088858068423184255e-21,1.712911923627901203e-26,1.265156277402987653e-14,1.000000000000000000e+00
2.750086982513043652e-27,0.000000000000000000e+00,1.000000000000000000e+00,1.549910644271790261e-09
8.227304635755536413e-18,7.535602455661010977e-21,2.682855565309949508e-14,1.000000000000000000e+00
1.435647961411719385e-26,5.159638914084384687e-20,1.000000000000000000e+00,1.444716378212003564e-21
0.000000000000000000e+00,1.000000000000000000e+00,8.606928503240851569e-10,0.000000000000000000e+00
8.667588704898343678e-32,1.247300793858598960e-22,1.244921501237898133e-26,1.000000000000000000e+00
2.214220641314451907e-25,6.569883307672129422e-20,7.508211731910705566e-01,2.491787970066070557e-01
9.564870575504808118e-18,5.579995132620751974e-09,1.000000000000000000e+00,1.438748981064108534e-10
7.896994959176979498e-23,1.435087288297428018e-29,1.000000000000000000e+00,5.606679183423057822e-12
0.000000000000000000e+00,0.000000000000000000e+00,0.000000000000000000e+00,1.000000000000000000e+00
1.000000000000000000e+00,0.000000000000000000e+00,0.000000000000000000e+00,7.502611313953767045e-30
4.279216748702960360e-22,3.125913466886360201e-19,1.000000000000000000e+00,1.808874434245343055e-15
2.860998660203506461e-10,1.731517954794981051e-06,6.338322162628173828e-01,3.661660254001617432e-01
1.000000000000000000e+00,8.738240170408026215e-16,2.373949729884713401e-23,9.711424646172665690e-17
1.000000000000000000e+00,8.427142438936058820e-16,8.950447385073808785e-23,1.237682954341207554e-16
4.809689972684605408e-12,6.865511035115262617e-14,7.858693003654479980e-01,2.141306251287460327e-01
5.006373976357281208e-04,4.383989265360765941e-12,3.842764328965131426e-08,9.994993209838867188e-01
0.000000000000000000e+00,0.000000000000000000e+00,1.000000000000000000e+00,0.000000000000000000e+00
2.666909748594292751e-11,1.160316096502356231e-04,9.998698234558105469e-01,1.420182070432929322e-05
4.098702371120452881e-01,3.745608823102486440e-10,1.621006280183792114e-01,4.280291497707366943e-01
6.472384748382881137e-14,5.213564023315471474e-16,7.312077054955068434e-10,1.000000000000000000e+00
0.000000000000000000e+00,0.000000000000000000e+00,1.000000000000000000e+00,0.000000000000000000e+00
0.000000000000000000e+00,0.000000000000000000e+00,1.000000000000000000e+00,0.000000000000000000e+00
1.325200855717412196e-07,3.321973751276312194e-16,9.999980926513671875e-01,1.746372390698525123e-06
5.171915708341418710e-35,2.290709803917309606e-14,1.000000000000000000e+00,3.646833929359390797e-34
1.000000000000000000e+00,1.014511585850641495e-09,2.624707207132814801e-08,1.908068989644719575e-22
2.772400648609618656e-06,9.901387691497802734e-01,9.857919067144393921e-03,5.934956561759463511e-07
1.598874136386763123e-12,1.348748919554054737e-03,9.986513257026672363e-01,2.310346211639635612e-19
6.465791674870280688e-19,2.018839678763484358e-10,1.000000000000000000e+00,3.780266817321138780e-25
1.519909460512280930e-06,5.012841697293879406e-09,3.997007169687094574e-08,9.999984502792358398e-01
2.689029117634058229e-25,7.367857858176407766e-16,1.000000000000000000e+00,1.356397665199145872e-30
6.629017805448175731e-23,7.955376531754154712e-06,9.684537649154663086e-01,3.153825551271438599e-02
9.198574600273817426e-28,9.599869335940658425e-37,1.000000000000000000e+00,1.748712542738067085e-15
0.000000000000000000e+00,0.000000000000000000e+00,1.000000000000000000e+00,0.000000000000000000e+00
2.295348152216990285e-27,7.537429222005288397e-17,5.776495223053090459e-27,1.000000000000000000e+00
5.411829448795759182e-15,4.745532692674882112e-18,1.000000000000000000e+00,2.038524238301420155e-09
3.585346939591807406e-23,1.000000000000000000e+00,4.115313666921125131e-22,2.837581052817219962e-18
2.214050756111099163e-19,7.387417895188264083e-07,9.999992847442626953e-01,5.035115920152476169e-20
0.000000000000000000e+00,2.234105387800347710e-37,1.000000000000000000e+00,0.000000000000000000e+00
0.000000000000000000e+00,0.000000000000000000e+00,1.000000000000000000e+00,0.000000000000000000e+00
0.000000000000000000e+00,0.000000000000000000e+00,9.999946355819702148e-01,5.364694061427144334e-06
0.000000000000000000e+00,0.000000000000000000e+00,1.697078106232645557e-22,1.000000000000000000e+00
1.023891854587194826e-34,3.402309706341591991e-27,1.000000000000000000e+00,0.000000000000000000e+00
0.000000000000000000e+00,0.000000000000000000e+00,1.000000000000000000e+00,0.000000000000000000e+00
0.000000000000000000e+00,0.000000000000000000e+00,2.767531555036839563e-07,9.999997615814208984e-01
4.314223664551766656e-31,0.000000000000000000e+00,1.000000000000000000e+00,2.505498785021835142e-37
1.766394253088776622e-10,1.351179205812513828e-03,1.534067541360855103e-01,8.452420234680175781e-01
0.000000000000000000e+00,0.000000000000000000e+00,1.000000000000000000e+00,1.056009612572387027e-14
0.000000000000000000e+00,8.486565993991653633e-19,9.999862909317016602e-01,1.371678536088438705e-05
6.416395000532453163e-37,1.521123249302950633e-22,3.060825467917918104e-19,1.000000000000000000e+00
4.442660565927130660e-29,2.005638710667057012e-12,1.000000000000000000e+00,2.181019470928746706e-12
8.863295113674655174e-31,0.000000000000000000e+00,1.669674488227616656e-26,1.000000000000000000e+00
2.515602136321515303e-11,2.589897256887168514e-15,1.000000000000000000e+00,6.214773140555962527e-11
0.000000000000000000e+00,1.194704134898392122e-37,1.757168676704168320e-03,9.982428550720214844e-01
1.332614157911748975e-10,2.440026037220377475e-06,9.956988096237182617e-01,4.298756830394268036e-03
9.375652844947180526e-17,7.381961734814955550e-21,1.000000000000000000e+00,1.508576796367341617e-16
1.221790862926397381e-10,7.088247855335794156e-08,9.999996423721313477e-01,2.656954052326909732e-07
2.064906236178953164e-14,1.123420724385664599e-16,8.387732175485496100e-11,1.000000000000000000e+00
3.226042665967043453e-26,9.999971389770507812e-01,2.839138460331014358e-06,1.252007361446285522e-14
